1	AkabaneVirus	1.237	0.763	1.987	0.736	1.340	0.600	1.607	0.453	1.077	0.923	1.602	1.398	0.701	1.299	0.000	1.000	0.507	0.609	0.571	1.589	0.919	0.588	2.005	0.489	1.205	0.795	0.602	1.398	0.395	1.587	0.044	0.954	0.792	1.388	0.820	1.000	1.432	0.839	1.296	0.432	1.011	0.989	0.573	1.427	1.380	0.620	2.081	0.940	1.124	1.350	0.235	1.290	1.605	0.709	1.682	0.003	1.217	0.783	0.720	1.280	0.962	0.926	0.593	1.519
2	SaccharomycesCerevisiaeL-BCVirus	1.630	0.370	1.400	1.700	1.231	0.410	1.846	0.513	1.278	0.722	0.000	3.000	1.429	0.571	0.000	1.000	0.800	0.500	0.700	0.900	1.333	0.615	1.744	0.308	0.923	1.077	1.111	0.889	1.333	0.500	0.333	0.000	1.643	0.714	0.643	1.000	2.140	0.465	0.744	0.651	1.316	0.684	1.172	0.828	1.167	0.833	2.333	1.000	1.333	0.800	0.533	0.000	1.263	0.491	1.544	0.702	1.292	0.708	1.297	0.703	0.889	1.222	0.667	0.000
3	MammalianOrthoreoVirus1	1.122	0.878	1.171	1.648	1.049	0.575	1.662	0.714	1.242	0.758	1.300	0.300	1.198	0.802	1.400	1.000	0.804	0.436	0.872	1.069	1.206	0.477	1.557	0.760	1.284	0.716	0.914	1.086	1.200	0.751	0.928	0.591	1.259	1.000	0.741	1.000	1.350	0.476	1.141	1.033	1.292	0.708	0.917	1.083	1.105	0.895	1.602	0.000	1.031	0.720	0.787	1.463	1.483	0.641	0.962	0.914	1.304	0.696	0.773	1.227	1.147	0.697	1.428	0.727
4	LactateDehydrogenase-ElevatingVirus	1.221	0.779	0.504	2.163	1.296	1.113	1.141	0.451	1.003	0.997	1.200	1.100	1.188	0.812	0.700	1.000	1.127	0.591	0.661	0.954	1.035	0.977	1.333	0.654	1.163	0.837	0.920	1.080	0.706	1.129	0.753	1.118	1.399	1.039	0.562	1.000	0.947	1.713	0.973	0.367	1.242	0.758	0.809	1.191	0.989	1.011	1.212	1.082	1.268	0.730	0.529	1.473	1.323	1.301	0.914	0.462	1.118	0.882	0.890	1.110	1.231	1.158	0.878	0.732
5	CucumberMosaicVirus	1.030	0.970	1.089	1.477	1.356	1.155	0.761	0.728	1.200	0.800	0.096	0.866	1.444	0.556	2.038	1.000	1.248	0.781	0.570	0.836	1.223	0.837	0.957	0.983	1.073	0.927	1.133	0.867	1.954	1.175	0.918	0.402	1.701	0.787	0.512	1.000	1.055	1.161	0.824	0.960	1.012	0.988	1.029	0.971	1.320	0.680	0.967	0.584	1.539	1.022	0.537	0.902	1.745	1.009	0.496	0.751	1.152	0.848	0.959	1.041	1.850	0.499	0.845	0.806
6	HepatitisEVirus	1.097	0.903	0.358	0.858	1.487	1.137	0.661	0.715	1.086	0.914	0.788	0.301	0.919	1.081	1.911	1.000	1.700	1.330	0.494	1.259	1.249	1.154	0.672	0.925	1.076	0.924	0.371	1.629	1.666	2.092	0.397	1.204	1.406	0.984	0.609	1.000	1.280	1.478	0.776	0.466	1.151	0.849	0.600	1.400	0.893	1.107	0.143	0.499	1.436	1.195	0.273	1.096	1.322	1.628	0.481	0.569	1.147	0.853	0.379	1.621	1.228	1.664	0.197	0.910
7	BlueberryScorchVirus	1.082	0.918	0.705	1.768	1.230	0.824	1.162	0.784	0.819	1.181	0.462	2.077	0.835	1.165	0.000	1.000	0.851	1.005	0.000	0.965	1.053	0.739	1.423	0.784	1.065	0.935	0.752	1.248	1.302	1.132	0.521	0.781	1.310	0.913	0.778	1.000	1.341	0.871	1.000	0.788	1.288	0.712	0.736	1.264	1.082	0.918	0.937	1.328	1.192	0.685	0.521	1.601	1.314	0.712	1.211	0.763	1.445	0.555	0.737	1.263	1.452	0.976	0.573	1.000
8	MushroomBacilliformVirus	0.875	1.125	0.851	1.522	1.240	0.640	0.880	0.000	1.171	0.829	1.500	0.750	1.353	0.647	0.000	1.000	1.433	0.761	0.672	0.000	1.444	1.056	0.722	0.778	1.308	0.692	1.043	0.957	1.333	0.800	1.133	0.667	1.475	0.934	0.590	1.000	1.671	0.456	0.810	1.063	1.176	0.824	1.189	0.811	1.189	0.811	1.200	0.867	1.082	0.951	0.000	1.016	1.798	0.539	0.989	0.674	1.385	0.615	1.011	0.989	1.872	0.550	1.174	0.404
9	SesbaniaMosaicVirus	1.000	0.000	0.701	1.708	1.311	1.176	0.840	0.672	0.885	1.115	0.750	0.000	0.960	1.040	1.500	1.000	1.270	0.876	0.394	1.051	1.087	0.854	1.126	0.932	0.815	1.185	0.680	1.320	0.424	0.847	0.776	0.000	1.241	1.086	0.672	1.000	1.519	1.215	0.709	0.557	0.773	1.227	0.667	1.333	0.864	1.136	1.553	0.000	1.556	0.852	0.333	1.259	2.095	0.698	0.635	0.571	1.172	0.828	0.763	1.237	1.265	1.102	0.816	0.000
10	FlockHouseVirus	1.044	0.956	0.912	1.353	0.800	1.452	1.037	0.711	0.933	1.067	0.000	1.500	1.200	0.800	0.000	1.000	1.059	0.853	0.735	1.088	1.189	0.468	1.604	0.739	1.220	0.780	1.243	0.757	1.570	0.953	1.262	0.617	0.969	1.267	0.764	1.000	1.067	1.181	1.010	0.743	0.738	1.262	1.104	0.896	0.805	1.195	1.065	0.533	1.415	1.170	0.528	0.887	1.108	1.160	1.022	0.710	1.025	0.975	1.082	0.918	1.309	0.836	1.364	0.491
11	StripedJackNervousNecrosisVirus	0.651	1.349	0.211	1.263	0.926	1.322	1.058	0.694	0.679	1.321	1.000	0.000	1.176	0.824	0.000	1.000	1.079	1.921	0.368	1.158	0.911	0.962	0.000	1.165	0.562	1.438	0.885	1.115	1.854	2.009	0.721	0.953	1.255	1.418	0.327	1.000	1.359	1.049	0.932	0.660	0.918	1.082	0.836	1.164	1.030	0.970	0.258	0.206	1.283	1.358	0.264	1.094	1.466	0.861	1.068	0.606	0.817	1.183	0.797	1.203	1.067	1.378	0.978	0.578
12	Macro-brachiumRosenbergiiNodaVirus	1.327	0.673	1.343	1.388	1.548	0.542	1.755	0.155	1.171	0.829	1.714	1.286	1.270	0.730	0.000	1.000	1.187	0.761	0.896	0.425	1.228	0.733	1.743	0.297	1.216	0.784	1.244	0.756	1.462	0.630	1.008	0.277	1.651	0.810	0.540	1.000	1.695	0.741	1.119	0.444	1.319	0.681	0.928	1.072	1.096	0.904	1.588	1.034	1.657	0.814	0.757	0.771	1.256	0.915	1.220	0.610	1.222	0.778	1.338	0.662	2.081	0.747	0.929	0.242
13	PothosLatentVirus	1.143	0.857	0.929	1.333	1.437	1.269	1.126	0.168	1.008	0.992	0.500	1.500	1.167	0.833	1.000	1.000	1.515	0.909	0.727	0.586	1.174	1.126	1.437	0.263	0.931	1.069	1.088	0.912	1.127	0.445	0.000	0.865	1.365	0.826	0.809	1.000	1.112	1.176	1.027	0.684	1.274	0.726	0.805	1.195	1.146	0.854	1.048	1.389	1.495	1.121	0.361	1.022	1.300	1.215	0.895	0.591	1.240	0.760	0.932	1.068	1.303	0.636	0.894	1.167
14	MeaslesVirus	0.763	1.237	0.644	1.200	0.913	0.983	1.745	0.359	0.803	1.197	0.173	2.484	0.867	1.133	0.343	1.000	0.777	1.105	0.958	1.316	1.046	0.998	1.242	0.714	1.113	0.887	1.197	0.803	0.233	0.282	0.704	0.511	0.921	1.376	0.703	1.000	1.187	0.998	1.595	0.220	0.963	1.037	0.983	1.017	0.847	1.153	2.320	1.949	1.021	1.193	0.547	1.239	1.162	0.942	1.516	0.380	1.066	0.934	0.892	1.108	1.080	0.576	1.120	1.225
15	TupaiaParamyxovirus	1.185	0.815	1.281	1.142	1.630	0.459	0.000	0.281	1.211	0.789	1.286	0.429	1.178	0.822	0.000	1.000	1.165	0.646	1.073	0.692	1.536	0.352	1.712	0.400	1.281	0.719	1.246	0.754	0.607	0.267	0.753	0.340	1.387	0.714	0.899	1.000	1.396	0.760	1.620	0.224	1.264	0.736	1.262	0.738	1.071	0.929	2.623	1.409	1.504	0.605	1.070	0.822	1.324	0.662	1.848	0.166	1.336	0.664	1.376	0.624	1.160	0.505	1.447	0.887
16	MossmanVirus	1.092	0.908	1.205	0.728	1.370	0.638	1.743	0.249	1.257	0.743	2.143	0.429	1.237	0.763	0.000	1.000	1.192	0.791	1.180	0.904	1.580	0.494	1.267	0.658	1.339	0.661	1.063	0.937	0.566	0.385	0.679	0.657	1.171	0.834	0.995	1.000	1.209	0.489	2.032	0.270	1.325	0.675	1.121	0.879	1.245	0.755	2.128	1.585	1.455	0.792	1.078	0.675	1.404	0.472	1.950	0.174	1.351	0.649	1.027	0.973	1.055	0.651	1.420	0.873
17	SendaiVirus	0.797	1.203	0.864	0.935	1.456	0.724	1.293	0.527	1.016	0.984	1.402	0.373	0.956	1.044	1.225	1.000	0.856	1.025	1.056	1.264	1.231	0.954	1.196	0.619	1.064	0.936	0.819	1.181	0.312	0.191	0.348	0.501	0.658	1.223	1.119	1.000	0.988	0.952	1.647	0.413	0.996	1.004	0.819	1.181	0.932	1.068	2.493	2.155	0.802	1.101	0.835	1.261	1.286	0.803	1.516	0.395	1.207	0.793	0.802	1.198	0.954	0.650	1.031	1.365
18	MumpsVirus	0.984	1.016	1.144	1.154	1.087	0.860	1.759	0.293	1.180	0.820	0.583	1.929	0.921	1.079	0.488	1.000	1.019	0.705	1.255	0.722	1.278	0.951	1.295	0.476	1.100	0.900	1.308	0.692	0.439	0.509	1.133	0.487	1.141	0.976	0.884	1.000	1.413	0.974	1.446	0.168	1.382	0.618	0.969	1.031	1.192	0.808	2.138	1.294	1.235	1.016	0.859	0.889	0.848	0.675	1.920	0.556	1.307	0.693	1.062	0.938	1.137	0.782	1.295	0.786
19	VesicularStomatitisIndianaVirus	0.866	1.134	1.254	1.515	1.331	1.165	1.271	0.233	1.152	0.848	1.767	0.452	0.862	1.138	0.781	1.000	0.952	0.831	0.723	0.000	1.331	0.722	1.500	0.447	1.423	0.577	1.158	0.842	0.438	0.227	0.888	0.350	1.255	1.033	0.712	1.000	1.222	1.119	1.357	0.302	1.274	0.726	1.161	0.839	1.283	0.717	2.913	1.184	1.061	1.020	0.760	1.160	1.646	0.745	1.387	0.221	1.215	0.785	1.167	0.833	0.927	0.523	1.819	0.731
20	RestonEbolaVirus	1.055	0.945	1.101	1.011	0.869	0.824	1.968	0.339	1.180	0.820	1.622	0.730	1.286	0.714	0.649	1.000	1.328	0.976	0.737	0.848	1.052	0.688	1.585	0.674	1.171	0.829	1.166	0.834	1.039	0.658	1.212	0.779	1.383	0.859	0.757	1.000	1.206	0.828	1.761	0.206	1.259	0.741	1.190	0.810	1.104	0.896	1.437	0.874	1.131	0.987	1.039	0.843	1.364	0.943	1.470	0.224	1.281	0.719	1.200	0.800	1.083	0.395	1.602	0.920
21	MaritubaVirus	0.653	1.347	1.027	1.187	1.526	0.316	2.000	0.158	0.816	1.184	1.500	0.000	1.500	0.500	0.000	1.000	1.572	0.225	0.449	1.540	1.938	0.500	1.312	0.250	0.929	1.071	0.400	1.600	0.000	0.375	0.750	1.125	0.918	1.341	0.741	1.000	1.398	1.515	0.932	0.155	1.429	0.571	0.727	1.273	1.214	0.786	2.250	1.500	1.824	1.471	0.000	0.706	1.500	1.045	0.909	0.545	1.143	0.857	1.111	0.889	1.412	0.706	1.647	0.235
22	OropoucheVirus	0.966	1.034	1.545	1.684	1.341	1.171	1.175	0.313	0.981	1.019	0.041	2.836	0.809	1.191	0.123	1.000	0.718	0.380	0.943	0.730	0.786	0.582	2.185	0.448	1.401	0.599	1.105	0.895	0.441	0.343	0.839	1.084	1.021	0.638	1.340	1.000	1.021	1.286	1.241	0.452	1.132	0.868	0.934	1.066	1.567	0.433	1.984	1.310	0.847	1.032	1.067	1.054	1.597	0.839	1.504	0.060	1.272	0.728	1.043	0.957	1.001	1.084	1.195	0.719
23	ShamondaVirus	0.707	1.293	1.071	0.857	1.344	0.448	1.376	0.832	1.600	0.400	1.500	0.000	1.000	0.000	0.000	1.000	1.714	0.000	1.163	0.337	1.174	0.652	1.826	0.348	1.129	0.871	1.134	0.866	0.000	1.156	0.000	1.486	1.235	1.059	0.706	1.000	0.896	0.000	1.984	0.224	1.111	0.889	0.887	1.113	1.600	0.400	1.872	0.000	0.982	1.533	0.359	1.126	2.437	0.782	0.000	0.000	1.408	0.592	1.449	0.551	1.175	0.196	1.594	1.035
24	AinoVirus	0.974	1.026	2.041	1.061	1.064	0.426	2.085	0.000	1.342	0.658	2.000	1.000	0.974	1.026	0.000	1.000	0.612	0.000	0.000	0.000	1.246	0.459	1.902	0.393	1.535	0.465	1.123	0.877	0.750	0.469	0.188	0.656	0.929	0.554	1.518	1.000	1.469	0.438	1.812	0.281	1.368	0.632	1.307	0.693	1.438	0.562	2.625	1.312	1.217	0.826	1.000	0.957	1.483	0.404	1.843	0.270	1.610	0.390	1.641	0.359	1.143	0.857	1.238	0.762
26	LaCrosseVirus	1.086	0.914	1.798	1.398	1.517	0.620	1.586	0.277	1.294	0.706	0.943	2.057	0.929	1.071	0.000	1.000	0.706	0.362	1.072	0.663	1.393	0.441	1.949	0.217	1.302	0.698	1.083	0.917	0.164	0.212	0.124	0.204	0.864	0.511	1.625	1.000	1.257	0.704	1.922	0.117	1.376	0.624	1.239	0.761	1.020	0.980	3.078	2.217	1.333	0.815	1.007	0.846	1.264	0.640	1.951	0.145	1.341	0.659	1.181	0.819	1.024	0.717	1.137	1.121
27	BarleyYellowDwarfVirus	0.594	1.406	0.933	0.832	0.688	1.389	1.530	0.393	0.481	1.519	0.400	2.400	0.627	1.373	0.200	1.000	1.588	1.336	0.605	0.706	0.944	1.149	1.477	0.431	0.346	1.654	1.346	0.654	1.091	0.545	1.192	0.485	0.675	1.300	1.025	1.000	1.200	0.000	1.024	0.576	1.278	0.722	0.880	1.120	1.010	0.990	2.081	0.606	1.119	0.936	0.716	1.229	0.898	1.469	0.939	0.694	0.397	1.603	1.047	0.953	0.700	1.043	1.276	0.981
28	SoybeanDwarfVirus	0.857	1.143	1.115	0.805	0.912	0.941	1.393	0.754	1.098	0.902	1.111	1.889	0.773	1.227	0.000	1.000	1.186	1.680	0.791	0.424	0.954	0.646	1.867	0.533	1.011	0.989	1.112	0.888	0.484	0.683	1.541	0.176	0.788	1.432	0.780	1.000	1.099	1.345	0.854	0.702	1.221	0.779	0.774	1.226	1.114	0.886	1.343	1.772	1.418	1.119	0.720	0.742	1.399	0.980	1.146	0.474	0.896	1.104	0.949	1.051	0.795	1.429	1.233	0.542
29	BeetChlorisisVirus	1.075	0.925	0.922	1.039	1.129	1.116	1.241	0.514	0.942	1.058	1.929	0.857	1.079	0.921	0.214	1.000	1.307	1.249	0.829	0.654	1.344	0.824	1.328	0.504	0.774	1.226	1.394	0.606	0.678	0.898	0.949	0.593	1.183	1.004	0.813	1.000	1.008	1.210	1.053	0.728	1.127	0.873	1.070	0.930	0.930	1.070	1.797	1.085	1.284	1.004	0.576	1.137	0.996	1.204	1.175	0.625	0.989	1.011	1.145	0.855	0.918	1.045	1.372	0.665
31	CucurbitAphid-BornYellowingVirus	0.964	1.036	0.615	1.254	0.959	1.249	0.977	0.814	0.949	1.051	1.286	0.000	0.553	1.447	0.429	1.000	1.205	1.623	0.541	0.762	0.936	1.287	1.170	0.608	0.909	1.091	1.060	0.940	0.551	1.304	1.333	0.522	0.930	1.209	0.860	1.000	0.610	1.585	0.902	0.000	1.096	0.904	1.014	0.986	0.907	1.093	1.478	0.812	1.121	1.274	0.662	0.943	1.094	1.184	0.897	0.825	1.000	0.000	1.000	0.000	0.831	1.179	1.275	0.715
32	CerealYellowDwarfVirusRPV	0.713	1.287	0.428	1.061	0.845	0.824	1.302	1.029	0.928	1.072	0.000	0.466	0.947	1.053	2.534	1.000	1.570	1.428	0.359	1.154	0.990	0.870	1.392	0.747	1.101	0.899	0.904	1.096	0.655	1.392	0.946	0.752	1.050	1.328	0.623	1.000	1.077	1.356	0.823	0.744	0.894	1.106	1.181	0.819	1.150	0.850	1.528	0.728	1.096	1.396	0.408	1.100	1.206	0.897	1.110	0.786	0.842	1.158	1.114	0.886	0.880	1.503	0.979	0.638
33	PotatoLeafrollVirus	0.914	1.086	0.736	1.052	0.945	1.252	1.187	0.615	1.100	0.900	0.000	1.099	0.582	1.418	1.901	1.000	1.421	1.203	0.764	0.824	1.091	1.153	1.026	0.729	1.098	0.902	1.307	0.693	0.309	1.097	0.717	0.699	1.174	1.059	0.766	1.000	1.080	1.456	0.983	0.480	0.812	1.188	1.020	0.980	0.956	1.044	1.857	1.321	1.258	1.256	0.587	0.898	1.398	1.069	0.866	0.668	0.981	1.019	0.942	1.058	0.815	1.364	1.134	0.687
34	SugarcaneYellowLeafVirus	0.718	1.282	0.659	1.249	0.705	1.194	1.504	0.598	0.782	1.218	0.210	1.110	0.565	1.435	1.680	1.000	0.973	1.545	0.781	0.792	0.931	1.037	1.026	1.007	0.849	1.151	1.059	0.941	0.895	0.698	1.069	0.753	1.039	1.153	0.808	1.000	1.144	0.849	1.099	0.908	0.767	1.233	1.119	0.881	1.028	0.972	1.810	0.776	1.053	1.321	0.541	1.086	1.363	1.166	1.050	0.421	0.785	1.215	0.906	1.094	0.714	0.943	1.450	0.893
35	TurnipYellowsVirus	0.795	1.205	0.618	0.964	1.285	1.171	0.976	0.569	1.019	0.981	0.333	1.000	1.000	0.000	1.667	1.000	1.418	1.545	0.564	0.891	0.878	1.306	1.102	0.714	0.623	1.377	1.311	0.689	0.709	1.064	1.255	0.000	0.839	1.621	0.540	1.000	1.020	1.080	0.000	0.880	0.929	1.071	1.156	0.844	0.804	1.196	1.527	0.736	1.418	0.931	0.593	1.058	1.235	0.000	0.800	0.730	1.176	0.824	1.240	0.760	1.071	0.893	1.482	0.554
36	RedspottedGrouperNervousNecrosisVirusRNA1	0.709	1.291	0.107	0.664	0.740	1.434	0.809	1.017	0.374	1.626	2.333	0.667	1.000	0.000	0.000	1.000	0.814	1.800	0.214	2.400	1.416	0.861	1.206	0.517	0.655	1.345	0.797	1.203	2.015	1.705	1.018	0.509	0.953	1.767	0.279	1.000	1.166	1.220	1.125	0.488	0.768	1.232	0.585	1.415	0.833	1.167	0.554	0.199	1.620	1.226	0.277	0.876	1.413	0.961	1.145	0.481	0.791	1.209	0.687	1.313	1.147	1.194	1.318	0.341
37	RotavirusA	1.583	0.417	2.571	1.175	0.983	0.290	2.320	0.407	1.558	0.442	0.781	0.994	1.604	0.396	1.225	1.000	0.704	0.205	0.941	0.404	0.588	0.107	2.836	0.469	1.635	0.365	1.426	0.574	0.641	0.181	0.627	0.134	1.337	0.261	1.401	1.000	1.528	0.339	1.571	0.561	1.565	0.435	1.500	0.500	1.649	0.351	3.707	0.711	1.420	0.388	1.435	0.756	1.568	0.245	1.621	0.566	1.525	0.475	1.499	0.501	1.341	0.334	1.999	0.326
38	TomatoBushyStuntVirus	0.944	1.056	0.658	1.132	1.235	0.748	1.115	0.902	0.937	1.063	1.023	0.818	1.060	0.940	1.159	1.000	1.174	0.968	0.942	1.126	1.765	0.729	0.808	0.698	1.161	0.839	0.914	1.086	0.678	0.445	0.926	0.799	0.957	1.098	0.946	1.000	1.144	0.777	1.178	0.901	1.098	0.902	0.880	1.120	1.321	0.679	1.746	1.406	1.110	0.867	0.753	1.271	1.244	0.766	1.228	0.761	1.384	0.616	0.910	1.090	1.273	0.505	1.382	0.839
39	EquineArteritisVirus	1.320	0.680	0.909	1.845	1.225	0.911	1.231	0.633	1.029	0.971	1.120	1.223	1.033	0.967	0.657	1.000	0.884	0.654	0.581	1.127	1.082	1.019	1.084	0.814	1.195	0.805	0.745	1.255	0.799	2.036	0.672	1.254	1.502	0.751	0.747	1.000	1.257	1.139	0.792	0.812	1.195	0.805	1.122	0.878	1.151	0.849	0.362	0.876	1.195	0.730	0.646	1.429	1.389	1.223	0.722	0.666	1.054	0.946	0.855	1.145	1.022	1.205	0.921	0.852
40	InfectiousBursalDiseaseVirus	0.747	1.253	0.225	0.549	0.691	0.967	1.992	0.350	0.495	1.505	0.212	0.776	0.926	1.074	2.012	1.000	1.019	1.607	1.205	1.393	0.728	1.224	1.635	0.413	0.718	1.282	0.902	1.098	0.441	0.785	0.791	1.020	0.930	1.169	0.901	1.000	0.783	1.317	1.418	0.481	0.573	1.427	0.763	1.237	0.701	1.299	1.400	1.562	0.679	1.194	0.730	1.397	0.895	1.498	1.296	0.311	0.696	1.304	0.764	1.236	0.661	0.971	0.914	1.453
41	CitrusTristezaVirus	1.247	0.753	1.699	2.158	1.676	0.625	0.615	1.084	0.937	1.063	0.303	0.826	1.309	0.691	1.872	1.000	0.879	0.382	0.347	0.534	1.297	0.685	0.672	1.346	0.810	1.190	1.126	0.874	1.595	0.806	0.800	0.574	1.011	0.842	1.147	1.000	1.808	0.828	0.459	0.904	0.781	1.219	1.011	0.989	1.322	0.678	1.297	0.928	1.534	0.649	0.594	1.223	1.736	0.702	0.639	0.923	1.150	0.850	1.269	0.731	1.835	0.704	0.710	0.751
42	InfectiousBronchitisVirus	1.619	0.381	1.366	1.049	1.903	0.263	1.573	0.261	1.422	0.578	1.444	0.434	1.589	0.411	1.122	1.000	1.828	0.394	0.836	0.526	1.561	0.420	1.685	0.334	1.240	0.760	1.126	0.874	1.592	0.733	0.322	0.193	1.557	0.318	1.125	1.000	1.856	0.336	1.463	0.345	1.549	0.451	1.009	0.991	1.571	0.429	2.095	1.065	1.792	0.412	1.009	0.787	1.515	0.473	1.618	0.394	1.420	0.580	1.202	0.798	2.223	0.459	1.052	0.266
43	AppleChloroticLeafSpotVirus	0.998	1.002	0.613	1.413	1.128	0.735	1.626	0.512	0.910	1.090	0.486	1.297	1.025	0.975	1.216	1.000	1.391	0.807	0.454	1.321	1.280	0.585	1.506	0.629	1.226	0.774	1.003	0.997	0.278	0.314	0.136	0.210	1.093	0.981	0.926	1.000	1.326	0.844	1.362	0.468	1.175	0.825	1.004	0.996	1.101	0.899	2.672	2.390	1.291	0.796	0.440	1.474	0.970	0.746	1.634	0.650	1.273	0.727	1.003	0.997	1.058	0.570	1.260	1.112
45	GrapevineVirusA	0.576	1.424	0.689	1.126	0.850	0.951	1.431	0.768	0.750	1.250	0.661	1.119	0.870	1.130	1.220	1.000	0.431	1.267	0.853	1.633	0.923	0.649	1.712	0.716	0.757	1.243	0.864	1.136	0.521	0.688	0.414	0.461	0.372	1.155	1.473	1.000	1.045	1.095	1.155	0.705	1.059	0.941	0.746	1.254	0.849	1.151	1.687	2.229	0.669	0.925	0.779	1.627	1.195	0.946	1.105	0.755	1.152	0.848	0.725	1.275	0.970	0.907	0.878	1.245
46	PepinoMosaicVirus	1.186	0.814	1.154	1.287	1.308	0.972	1.632	0.087	0.790	1.210	1.256	0.708	0.813	1.187	1.037	1.000	1.413	0.826	0.812	0.508	1.726	0.701	1.471	0.101	0.973	1.027	1.305	0.695	1.070	0.252	0.502	0.116	1.349	0.843	0.808	1.000	1.368	1.048	1.521	0.063	1.082	0.918	1.435	0.565	1.113	0.887	2.529	1.530	1.547	1.227	0.420	0.806	1.906	1.008	0.994	0.093	0.891	1.109	1.428	0.572	1.551	0.763	1.320	0.366
47	RupestrisStemPitting-AssociatedVirus	1.295	0.705	0.716	1.297	1.528	0.748	1.461	0.263	0.973	1.027	1.117	0.415	0.938	1.062	1.468	1.000	1.439	0.810	0.614	1.125	1.110	0.711	1.922	0.256	1.189	0.811	1.178	0.822	0.644	0.453	0.310	0.640	1.306	0.656	1.038	1.000	1.069	0.922	1.281	0.728	1.379	0.621	0.923	1.077	1.134	0.866	1.852	2.102	1.450	0.762	0.446	1.341	1.580	0.850	1.237	0.333	1.357	0.643	0.931	1.069	1.351	0.825	1.153	0.670
48	StrawberryMildYellowEdgeVirus	0.591	1.409	0.417	1.029	0.837	1.536	0.722	0.905	0.711	1.289	2.195	0.366	0.495	1.505	0.439	1.000	0.788	1.987	0.313	1.466	1.103	0.918	0.859	1.120	0.925	1.075	1.084	0.916	0.968	2.372	0.777	0.511	1.432	1.274	0.294	1.000	1.325	1.228	0.727	0.720	1.294	0.706	0.789	1.211	1.140	0.860	0.787	0.585	1.099	1.484	0.538	0.879	1.196	1.875	0.539	0.390	0.908	1.092	0.789	1.211	0.846	1.837	0.727	0.589
49	BeetMildYellowingVirus	1.084	0.916	0.801	1.116	1.362	0.883	0.948	0.807	0.748	1.252	0.188	0.938	0.678	1.322	1.875	1.000	1.137	1.365	0.758	0.823	0.897	1.181	0.854	1.068	0.961	1.039	1.175	0.825	0.814	0.886	1.220	0.712	1.250	0.947	0.803	1.000	1.168	1.014	1.124	0.694	0.962	1.038	1.233	0.767	0.905	1.095	1.642	0.726	1.568	0.762	0.000	0.908	1.326	1.112	0.944	0.618	0.980	1.020	1.085	0.915	1.210	0.838	1.126	0.826
50	HumanMetapneumovirus	1.083	0.917	1.604	0.785	1.080	0.755	2.044	0.121	1.180	0.820	1.449	1.252	0.999	1.001	0.299	1.000	0.653	0.695	1.406	0.857	0.880	0.644	2.166	0.309	1.032	0.968	1.262	0.738	0.365	0.340	0.330	0.297	0.840	0.779	1.381	1.000	0.692	0.849	2.353	0.106	0.974	1.026	1.474	0.526	0.838	1.162	3.648	1.019	1.133	0.699	1.048	1.119	0.917	0.577	2.355	0.152	1.042	0.958	1.371	0.629	0.922	0.695	1.509	0.875
187	AedesAlbopictusDensovirus	0.694	1.306	1.912	1.055	0.606	0.788	1.879	0.727	1.154	0.846	3.000	0.000	0.824	1.176	0.000	1.000	0.659	0.396	1.451	0.527	0.258	0.000	2.710	0.774	0.895	1.105	1.549	0.451	0.370	0.148	0.741	0.222	0.677	1.065	1.258	1.000	0.539	0.596	2.071	0.794	0.916	1.084	1.465	0.535	0.889	1.111	3.481	1.037	0.721	0.590	1.902	0.787	0.354	0.405	2.835	0.000	0.949	1.051	1.467	0.533	0.438	0.384	2.740	0.000
188	AdenoAssociatedVirus2	1.058	0.942	0.129	0.997	0.921	1.123	0.984	0.972	0.419	1.581	2.000	0.000	0.495	1.505	1.000	1.000	0.595	1.850	0.145	2.284	0.781	1.726	0.735	0.758	0.629	1.371	0.475	1.525	0.886	1.218	0.421	1.107	1.380	1.347	0.274	1.000	0.842	1.950	0.396	0.812	0.810	1.190	0.775	1.225	0.722	1.278	1.683	0.686	0.441	1.170	0.278	2.110	0.585	1.707	0.800	0.907	0.484	1.516	0.663	1.337	0.324	0.940	1.567	1.170
189	ProvidenceVirus	0.714	1.286	1.091	2.182	0.865	0.000	1.838	0.432	0.824	1.176	3.000	0.000	1.500	0.500	0.000	1.000	0.545	0.000	0.000	0.000	1.333	0.978	0.711	0.000	0.000	2.000	0.963	1.037	0.818	0.955	1.091	0.545	1.275	1.350	0.375	1.000	1.397	1.206	1.016	0.381	0.732	1.268	1.000	0.000	1.083	0.917	1.227	1.364	1.270	0.952	0.762	1.016	1.312	0.938	1.062	0.688	1.143	0.857	1.000	0.000	1.101	0.928	0.000	0.870
190	BlattellaGermanicaDensovirus	1.632	0.368	2.392	1.552	1.412	0.376	1.882	0.329	1.532	0.468	2.400	0.600	1.371	0.629	0.000	1.000	0.671	0.126	0.755	0.503	1.623	0.226	1.736	0.415	1.394	0.606	1.413	0.587	1.302	0.453	1.132	0.340	1.267	0.433	1.300	1.000	1.452	0.226	1.903	0.419	1.702	0.298	1.404	0.596	1.667	0.333	2.208	0.566	1.631	0.311	1.476	0.583	1.290	0.548	1.871	0.290	1.327	0.673	1.300	0.700	1.252	0.383	1.983	0.000
191	MurineNorovirus	0.936	1.064	0.159	0.748	1.442	1.404	0.634	0.521	0.775	1.225	1.235	0.000	0.693	1.307	0.529	1.000	1.715	1.675	0.113	1.589	0.632	1.835	0.781	0.752	1.038	0.962	0.642	1.358	0.823	1.770	0.391	0.844	1.284	1.474	0.242	1.000	0.692	1.878	0.647	0.782	0.655	1.345	0.404	1.596	0.683	1.317	0.638	1.533	0.995	1.368	0.148	1.489	0.913	1.902	0.599	0.587	1.069	0.931	0.473	1.527	1.069	1.635	0.450	0.846
192	ChickenAnemiaVirus	0.926	1.074	0.254	0.491	0.910	0.981	1.316	0.793	0.643	1.357	1.020	0.024	0.450	1.550	1.955	1.000	0.928	1.608	0.836	1.883	0.663	1.659	0.721	0.957	0.155	1.845	1.106	0.894	0.336	0.957	1.287	0.811	0.907	1.753	0.340	1.000	0.784	1.217	0.970	1.028	0.867	1.133	0.649	1.351	0.415	1.585	1.831	0.778	0.531	0.819	1.123	1.527	0.959	1.026	0.898	1.117	0.598	1.402	0.862	1.138	0.796	1.018	1.161	1.025
193	PorcineParvovirus	1.091	0.909	1.348	0.410	1.105	0.550	2.122	0.223	0.811	1.189	1.000	1.762	1.093	0.907	0.238	1.000	0.871	0.355	2.777	0.239	1.073	0.028	2.823	0.076	0.872	1.128	1.755	0.245	0.080	0.023	0.084	0.155	0.933	0.169	1.898	1.000	0.882	0.378	2.719	0.022	1.189	0.811	1.862	0.138	1.186	0.814	5.174	0.483	0.979	0.319	2.012	0.690	1.079	0.260	2.410	0.251	0.954	1.046	1.702	0.298	1.125	0.475	1.810	0.590
194	AfricanCassavaMosaicVirus	1.126	0.874	0.693	1.354	0.813	1.213	1.205	0.769	0.878	1.122	1.469	1.347	1.523	0.477	0.184	1.000	1.337	0.792	0.495	1.329	0.950	1.151	1.724	0.176	0.949	1.051	0.890	1.110	0.838	0.140	0.854	0.326	1.358	0.971	0.672	1.000	1.274	0.668	1.329	0.730	1.361	0.639	0.725	1.275	1.216	0.784	1.180	2.662	0.993	1.212	0.722	1.073	1.244	1.203	0.870	0.683	1.274	0.726	1.040	0.960	0.991	1.153	0.769	1.087
151	RiceRaggedStuntVirus	1.167	0.833	1.333	1.450	0.996	0.498	1.357	1.149	1.106	0.894	0.667	1.500	1.207	0.793	0.833	1.000	1.055	0.566	0.806	0.791	1.175	0.656	1.413	0.756	1.295	0.705	1.131	0.869	1.174	0.700	1.043	0.467	1.237	1.022	0.741	1.000	1.283	0.782	0.957	0.977	1.084	0.916	1.002	0.998	1.228	0.772	1.823	0.795	1.479	0.746	0.818	0.957	1.353	0.796	0.842	1.009	1.270	0.730	0.991	1.009	1.328	0.771	1.473	0.428
152	RiceDwarfVirus	1.162	0.838	1.016	1.589	1.235	0.849	1.148	0.768	1.264	0.736	0.808	0.462	1.122	0.878	1.731	1.000	0.998	0.674	0.827	0.895	1.234	0.628	1.387	0.751	1.134	0.866	1.070	0.930	1.198	0.714	0.956	0.593	1.225	0.809	0.966	1.000	1.554	0.813	0.728	0.905	1.261	0.739	0.949	1.051	1.262	0.738	1.371	1.168	1.150	0.971	0.814	1.064	1.834	0.751	0.716	0.700	1.225	0.775	1.177	0.823	1.245	0.770	1.277	0.708
153	Theiler'sVirus	1.032	0.968	0.365	1.107	1.628	1.463	0.599	0.310	0.773	1.227	0.000	1.333	0.970	1.030	1.667	1.000	1.574	1.536	0.473	0.945	1.375	1.559	0.644	0.421	0.750	1.250	1.176	0.824	1.161	1.495	0.551	0.511	1.483	1.018	0.498	1.000	1.364	1.579	0.664	0.394	1.032	0.968	1.075	0.925	0.848	1.152	1.603	0.679	1.660	1.170	0.272	0.898	1.777	1.359	0.531	0.333	0.956	1.044	1.132	0.868	1.122	1.153	1.436	0.288
154	CacaoSwollenShootVirus	0.850	1.150	1.139	0.778	1.224	1.129	1.259	0.388	0.947	1.053	0.231	1.385	0.922	1.078	0.000	1.000	0.833	0.906	1.231	1.114	1.016	0.743	1.765	0.476	0.831	1.169	1.263	0.737	0.401	0.324	0.939	0.478	0.934	1.248	0.818	1.000	1.044	1.013	1.530	0.413	0.851	1.149	0.969	1.031	0.942	1.058	2.347	1.511	1.010	1.160	1.042	0.788	0.929	1.305	1.316	0.450	1.113	0.887	1.411	0.589	0.591	0.916	1.604	0.890
155	SpinachLatentVirus	1.234	0.766	1.349	2.096	1.438	0.967	0.993	0.601	1.523	0.477	0.600	1.200	1.185	0.815	0.000	1.000	1.120	0.545	0.201	0.689	1.108	0.708	1.323	0.862	1.452	0.548	1.190	0.810	0.973	0.446	1.216	0.527	1.500	0.609	0.891	1.000	1.543	0.943	0.800	0.714	1.472	0.528	1.030	0.970	1.333	0.667	2.068	0.770	1.607	0.542	0.467	1.383	1.444	1.183	0.663	0.710	1.659	0.341	1.078	0.922	1.723	0.462	1.231	0.585
156	TobaccoNecrosisDVirus	0.869	1.131	1.091	1.473	1.538	1.292	0.646	0.523	0.685	1.315	0.857	1.071	1.038	0.962	0.000	1.000	1.364	0.845	0.764	0.464	1.171	1.286	1.200	0.343	1.322	0.678	0.904	1.096	0.646	0.708	0.800	0.615	1.239	1.026	0.735	1.000	1.190	1.038	1.418	0.354	1.413	0.587	0.940	1.060	0.976	1.024	1.569	1.662	1.401	0.692	0.523	1.384	1.404	1.115	1.154	0.327	1.416	0.584	0.845	1.155	1.000	0.810	1.190	0.000
169	InfectiousPancreaticNecrosisVirus	0.300	1.700	0.103	0.221	0.445	1.673	1.564	0.318	0.440	1.560	1.615	0.000	0.562	1.438	1.385	1.000	0.722	1.541	1.216	2.197	0.425	1.255	1.792	0.528	0.685	1.315	0.852	1.148	0.149	0.801	0.915	0.790	0.485	1.735	0.780	1.000	0.430	1.625	1.313	0.632	0.321	1.679	0.875	1.125	0.578	1.422	1.652	1.692	0.416	1.569	0.491	1.524	0.559	1.480	1.526	0.435	0.315	1.685	0.701	1.299	0.353	1.095	1.441	1.111
170	ArcticGroundSquirrelHepatitisVirus	1.362	0.638	1.325	1.227	1.239	1.265	1.187	0.310	1.180	0.820	1.714	0.000	0.933	1.067	1.286	1.000	0.974	1.208	0.253	1.013	1.505	0.911	1.069	0.515	1.057	0.943	1.265	0.735	0.785	0.877	0.185	0.323	1.075	0.991	0.934	1.000	1.595	0.881	1.238	0.286	1.271	0.729	1.559	0.441	1.102	0.898	2.262	1.569	1.160	0.855	0.733	1.252	1.672	1.104	0.896	0.328	0.881	1.119	1.266	0.734	0.848	1.000	1.545	0.606
171	BarleyStripeMosaicVirus	1.282	0.718	1.249	1.715	1.669	0.662	1.263	0.406	1.099	0.901	1.425	0.450	1.253	0.747	1.125	1.000	1.025	0.501	0.570	0.940	1.370	0.660	0.971	0.999	1.404	0.596	1.182	0.818	1.358	0.307	1.170	0.425	1.488	0.971	0.541	1.000	1.747	0.550	0.974	0.728	1.163	0.837	0.874	1.126	1.186	0.814	1.858	0.882	1.388	0.558	0.686	1.368	1.382	0.946	0.730	0.942	1.351	0.649	1.285	0.715	1.717	0.535	1.294	0.454
172	IndianPeanutClumpVirus	1.138	0.862	0.708	2.750	2.316	0.526	0.684	0.474	1.300	0.700	2.000	0.000	1.529	0.471	1.000	1.000	0.917	0.333	0.417	0.875	1.852	0.815	0.741	0.593	1.185	0.815	0.816	1.184	1.333	0.533	0.267	0.333	1.582	0.982	0.436	1.000	1.440	0.800	1.013	0.747	1.246	0.754	1.009	0.991	1.556	0.444	1.933	1.600	1.366	0.715	0.488	1.431	1.905	0.571	0.619	0.905	1.204	0.796	1.030	0.970	1.676	0.162	1.243	0.919
173	PotatoMop-TopVirus	1.473	0.527	1.642	2.054	1.598	0.822	0.922	0.658	1.127	0.873	1.862	0.724	1.389	0.611	0.414	1.000	0.809	0.429	0.178	0.889	1.227	0.708	1.069	0.996	1.287	0.713	0.895	1.105	0.657	0.396	0.566	0.453	1.373	0.452	1.175	1.000	1.777	0.874	0.854	0.495	1.387	0.613	1.144	0.856	1.286	0.714	2.513	1.415	1.043	0.487	0.739	1.731	1.714	0.599	0.833	0.854	1.259	0.741	1.195	0.805	2.092	0.492	0.844	0.572
174	AppleStemGroovingVirus	1.265	0.735	0.662	1.804	1.124	0.716	1.752	0.408	0.887	1.113	0.000	1.714	1.039	0.961	1.286	1.000	1.249	0.673	0.609	1.004	1.169	0.694	1.589	0.548	1.190	0.810	1.170	0.830	0.402	0.318	0.168	0.151	1.363	0.866	0.771	1.000	1.197	1.042	1.310	0.451	1.202	0.798	1.145	0.855	1.078	0.922	2.782	2.179	1.622	0.907	0.440	1.031	1.197	1.132	0.000	0.474	1.010	0.990	1.211	0.789	1.188	0.533	1.273	1.006
175	IndianCitrusRingspotVirus	0.400	1.600	0.403	0.435	0.959	1.510	1.184	0.347	0.522	1.478	2.000	0.000	0.581	1.419	1.000	1.000	0.887	2.355	0.984	0.935	0.956	1.171	1.133	0.740	0.494	1.506	1.289	0.711	0.833	1.812	1.200	0.490	1.079	1.421	0.500	1.000	0.798	1.894	0.897	0.411	0.498	1.502	1.333	0.667	0.487	1.513	0.931	0.735	0.788	1.419	0.946	0.847	1.180	1.561	0.566	0.693	0.549	1.451	1.106	0.894	0.779	1.705	1.116	0.400
176	CassavaCommonMosaicVirus	0.742	1.258	0.329	1.106	1.333	0.991	1.538	0.137	0.795	1.205	0.500	2.000	0.538	1.462	0.000	1.000	0.894	1.553	0.988	1.129	0.857	0.961	1.766	0.416	0.857	1.143	1.164	0.836	0.529	0.353	0.647	0.294	1.000	1.277	0.723	1.000	1.280	0.914	1.394	0.411	1.091	0.909	1.177	0.823	0.943	1.057	2.294	1.882	0.991	0.000	0.814	1.204	1.449	0.812	1.295	0.444	0.904	1.096	1.098	0.902	0.585	1.169	1.415	0.831
177	NudaureliaCapensisBetaVirus	0.587	1.413	0.604	1.172	0.968	1.011	0.926	1.095	0.727	1.273	0.000	3.000	0.550	1.450	0.000	1.000	0.852	1.278	0.746	1.349	0.579	1.297	0.855	1.269	0.815	1.185	1.185	0.815	0.827	1.440	1.067	1.173	0.854	1.341	0.805	1.000	0.714	1.578	0.605	1.103	0.653	1.347	0.804	1.196	0.753	1.247	0.667	0.000	0.937	1.215	0.506	1.342	0.651	1.263	0.880	1.206	0.764	1.236	0.928	1.072	0.711	1.198	1.096	0.995
178	DendrolimusPunctatusTetravirus	0.682	1.318	0.452	0.814	1.024	1.146	0.659	1.171	0.353	1.647	1.000	0.000	0.737	1.263	0.000	1.000	1.477	1.990	0.392	0.874	0.910	1.269	0.647	1.174	0.536	1.464	0.507	1.493	1.709	2.145	0.655	0.400	1.272	1.467	0.261	1.000	0.878	1.327	0.694	1.102	0.500	1.500	0.881	1.119	1.102	0.898	0.582	0.509	1.137	1.888	0.325	0.650	1.032	1.534	0.602	0.832	0.310	1.690	0.756	1.244	1.447	1.844	0.199	0.511
179	TobaccoBushyTopVirus	0.745	1.255	0.482	1.401	0.918	1.180	1.311	0.590	0.286	1.714	0.600	1.800	0.718	1.282	0.000	1.000	0.000	1.445	0.920	1.270	0.722	1.833	0.806	0.639	0.829	1.171	0.548	1.452	0.698	1.163	0.465	1.628	0.750	1.059	1.191	1.000	0.944	1.708	0.719	0.629	0.667	1.333	0.585	1.415	0.750	1.250	0.977	1.070	0.541	0.932	0.872	1.654	1.120	1.312	0.736	0.832	0.986	1.014	0.690	1.310	0.850	0.814	0.956	1.381
180	HibiscusChloroticRingspotVirus	1.161	0.839	0.903	1.029	1.254	0.714	1.206	0.825	1.107	0.893	0.750	1.200	1.065	0.935	1.050	1.000	1.143	1.223	0.526	1.177	1.423	0.937	1.071	0.569	0.963	1.037	1.074	0.926	0.538	0.635	0.654	1.000	1.027	1.108	0.865	1.000	1.444	1.014	0.806	0.736	1.268	0.732	0.798	1.202	1.121	0.879	1.288	1.885	1.224	0.691	0.812	1.273	1.606	0.675	0.941	0.777	1.347	0.653	0.888	1.112	1.347	0.606	0.929	1.118
181	MaizeChloroticMottleVirus	0.773	1.227	0.214	0.976	0.838	1.424	1.277	0.461	0.786	1.214	0.250	1.000	1.031	0.969	1.750	1.000	0.833	1.310	0.952	1.714	0.796	0.991	1.540	0.673	1.098	0.902	1.000	0.000	0.818	1.190	0.000	1.091	1.540	1.075	0.385	1.000	1.168	0.779	1.487	0.566	0.752	1.248	1.250	0.750	0.708	1.292	1.066	0.645	0.935	0.557	0.597	1.910	1.038	0.844	1.412	0.706	0.923	1.077	1.189	0.811	0.764	0.000	1.508	0.965
182	CymbidiumRingspotVirus	0.902	1.098	0.761	1.112	1.255	0.863	1.176	0.706	0.743	1.257	0.000	2.571	0.900	1.100	0.429	1.000	0.849	1.024	0.878	1.376	1.556	0.815	0.852	0.778	1.029	0.971	0.861	1.139	0.951	0.695	0.476	0.549	0.652	1.370	0.978	1.000	0.921	1.139	1.164	0.776	1.191	0.809	0.982	1.018	1.000	0.000	1.171	2.159	1.154	0.697	0.617	1.532	1.170	0.795	1.240	0.000	1.143	0.857	0.783	1.217	1.200	0.511	1.067	1.222
183	BunyamweraVirus	1.157	0.843	1.887	1.040	1.493	0.682	1.604	0.221	1.163	0.837	1.667	0.000	1.064	0.936	1.333	1.000	1.077	0.496	0.847	0.653	1.269	0.263	2.204	0.000	1.212	0.788	1.148	0.852	0.291	0.350	0.000	0.204	1.172	0.560	1.268	1.000	1.298	0.484	2.029	0.189	1.348	0.652	1.389	0.611	1.161	0.839	3.175	1.631	1.718	0.797	0.825	0.660	1.354	0.529	1.977	0.140	1.296	0.704	1.366	0.634	0.898	0.865	1.127	1.110
184	HepatitisB	1.016	0.984	0.675	1.077	1.298	1.152	1.058	0.491	1.273	0.727	1.571	0.815	1.267	0.733	0.613	1.000	1.074	1.186	0.932	1.057	1.396	1.022	1.089	0.493	0.980	1.020	1.184	0.816	0.857	1.016	0.466	0.844	1.193	1.326	0.481	1.000	1.310	1.439	0.882	0.369	1.112	0.888	1.354	0.646	1.273	0.727	1.570	1.246	1.335	0.813	0.658	1.194	1.343	1.233	0.958	0.466	0.617	1.383	0.991	1.009	0.572	0.783	1.495	1.151
185	SARSCoronavirus	1.358	0.642	1.099	0.924	1.990	0.367	1.472	0.171	1.247	0.753	2.719	0.094	1.152	0.848	0.188	1.000	1.939	1.008	0.627	0.403	2.103	0.290	1.462	0.145	1.493	0.507	1.448	0.552	1.362	0.585	0.544	0.125	1.974	0.458	0.568	1.000	1.788	0.525	1.521	0.166	1.285	0.715	1.095	0.905	1.333	0.667	1.952	1.433	1.920	0.770	0.654	0.655	2.226	0.567	0.973	0.234	1.321	0.679	1.023	0.977	1.707	1.145	0.956	0.192
186	IsraelAcuteParalysisVirusOfBees	1.322	0.678	1.644	1.616	1.851	0.627	1.194	0.328	1.574	0.426	1.500	0.000	1.417	0.583	0.000	1.000	1.260	0.658	0.438	0.384	1.575	0.882	1.291	0.252	1.488	0.512	1.442	0.558	1.465	0.425	1.843	0.142	1.726	0.436	0.838	1.000	1.477	0.656	1.374	0.492	1.500	0.500	1.194	0.806	1.608	0.392	1.512	0.614	1.665	0.235	1.394	0.706	1.892	0.622	1.135	0.351	1.514	0.486	1.497	0.503	1.056	0.583	2.194	0.167
353	TurnipYellowMosaicVirus	0.443	1.557	0.224	0.384	0.947	1.706	0.856	0.491	0.380	1.620	1.565	0.522	0.265	1.735	0.913	1.000	1.198	2.941	0.468	0.785	0.715	1.625	1.079	0.582	0.641	1.359	1.166	0.834	0.956	1.845	1.489	0.482	0.755	1.905	0.341	1.000	0.921	2.173	0.520	0.386	0.399	1.601	1.135	0.865	0.479	1.521	0.770	0.457	0.953	2.135	0.525	0.387	0.803	2.050	0.758	0.389	0.516	1.484	1.407	0.593	0.510	2.000	1.111	0.379
514	SesbaniaMosaicVirus	1.000	0.000	0.701	1.708	1.311	1.176	0.840	0.672	0.885	1.115	0.750	0.000	0.960	1.040	1.500	1.000	1.270	0.876	0.394	1.051	1.087	0.854	1.126	0.932	0.815	1.185	0.680	1.320	0.424	0.847	0.776	0.000	1.241	1.086	0.672	1.000	1.519	1.215	0.709	0.557	0.773	1.227	0.667	1.333	0.864	1.136	1.553	0.000	1.556	0.852	0.333	1.259	2.095	0.698	0.635	0.571	1.172	0.828	0.763	1.237	1.265	1.102	0.816	0.000
515	InfluenzaAVirusH5N1	0.846	1.154	0.640	1.011	1.123	1.005	1.517	0.355	0.975	1.025	0.000	0.000	0.846	1.154	0.000	0.000	1.230	0.978	0.792	1.348	1.047	0.721	1.674	0.558	1.151	0.849	1.000	0.000	0.259	0.319	0.538	0.558	1.254	0.781	0.965	0.000	1.115	0.848	1.651	0.387	1.079	0.921	1.153	0.847	1.137	0.863	2.831	1.495	0.835	0.787	0.913	1.465	1.000	0.776	1.821	0.403	1.117	0.883	1.116	0.884	0.575	0.479	1.836	1.110
